包装 [0,1,1]
新生 [0,2,2]
彩银 [0,1,1]
肚兜 [0,1,1]
平安 [0,1,1]
骑车 [0,1,1]
花蕾 [0,1,1]
557682145576821155768215 [0,2,2]
针织 [0,3,3]
吸 [0,2,2]
领般 [0,2,2]
耐氏 [0,1,1]
线 [0,3,3]
低帮 [0,4,4]
品牌 [0,1,1]
GG [0,12,12]
冰格盒 [0,1,1]
条纹 [0,2,2]
Y12 [0,2,2]
除 [0,3,3]
鲜花 [0,3,3]
实木 [0,2,2]
茶道 [0,1,1]
纯手工 [0,1,1]
小脚 [0,1,1]
买 [0,4,4]
雅戈尔 [0,2,2]
新疆 [0,1,1]
外套 [0,1,1]
枚 [0,1,1]
冷藏 [0,1,1]
+ [0,9,9]
iphone45 [0,2,2]
化妆包 [0,1,1]
ZA [0,2,2]
阿札 [0,2,2]
100 [0,13,13]
第九 [0,1,1]
春装 [0,3,3]
商务 [0,13,13]
六件 [0,1,1]
BVVB [0,1,1]
巾 [0,4,4]
喜糖 [0,1,1]
保罗 [0,6,6]
unic [0,1,1]
后 [0,1,1]
底 [0,5,5]
均码 [0,4,4]
胜 [0,1,1]
足 [0,2,2]
斯特 [0,2,2]
黄色 [0,5,5]
修复 [0,1,1]
白色 [0,7,7]
腾冲 [0,1,1]
99 [0,3,3]
V [0,12,12]
洗衣 [0,1,1]
洗菜 [0,2,2]
全自动 [0,2,2]
拉杆箱 [0,1,1]
家居服 [0,1,1]
岩黑 [0,1,1]
号 [0,3,3]
水嫩 [0,2,2]
E33353H [0,1,1]
老 [0,3,3]
灰蓝 [0,1,1]
LM [0,4,4]
男单 [0,1,1]
艺博 [0,2,2]
锂电池 [0,1,1]
用品 [0,2,2]
A [0,30,30]
臀 [0,1,1]
克 [0,7,7]
休闲鞋 [0,3,3]
行李箱 [0,1,1]
双 [0,9,9]
Coppertone [0,2,2]
新品 [0,8,8]
沐恩 [0,1,1]
男包 [0,2,2]
佳佳 [0,2,2]
1288 [0,1,1]
杯 [0,2,2]
55L [0,1,1]
卷 [0,2,2]
卫浴 [0,1,1]
送卫 [0,1,1]
1S [0,2,2]
公文包 [0,1,1]
银饰 [0,1,1]
家家 [0,3,3]
8012 [0,1,1]
包中包 [0,1,1]
120CM [0,2,2]
皮肤 [0,1,1]
Smiths [0,1,1]
水 [0,28,28]
乔迁 [0,1,1]
003tc [0,1,1]
ES0104 [0,1,1]
耐湿 [0,1,1]
安吉 [0,1,1]
× [0,4,4]
Siligo [0,3,3]
ES0217 [0,1,1]
润唇膏 [0,1,1]
地毯 [0,1,1]
237ML [0,2,2]
一袋 [0,1,1]
抗过敏 [0,2,2]
运动袜 [0,1,1]
571316710 [0,1,1]
袜 [0,2,2]
冰箱 [0,1,1]
XXXL [0,3,3]
抗皱 [0,1,1]
电动车 [0,2,2]
开心 [0,1,1]
免 [0,5,5]
城 [0,1,1]
分层 [0,1,1]
礼物 [0,2,2]
红血丝 [0,3,3]
乳 [0,10,10]
手提 [0,3,3]
如图 [0,1,1]
精片 [0,3,3]
依云 [0,1,1]
爽肤水 [0,1,1]
TRAVELER [0,1,1]
175 [0,2,2]
足浴 [0,2,2]
170 [0,5,5]
巧克力 [0,2,2]
二厅 [0,1,1]
喷剂 [0,1,1]
男凉 [0,1,1]
功夫 [0,2,2]
贴 [0,3,3]
茶匙 [0,1,1]
三轮车 [0,1,1]
BB3 [0,1,1]
礼 [0,7,7]
B [0,14,14]
深棕 [0,1,1]
汤玛斯 [0,1,1]
子 [0,15,15]
衣防 [0,1,1]
半码 [0,1,1]
跟 [0,3,3]
怀旧 [0,2,2]
112305 [0,1,1]
6214 [0,2,2]
205g [0,1,1]
哈伦 [0,3,3]
饼 [0,3,3]
3094301 [0,1,1]
拼色 [0,1,1]
凯莉 [0,1,1]
大脸 [0,1,1]
稻草人 [0,3,3]
公仔 [0,1,1]
奶油味 [0,1,1]
立体声 [0,3,3]
大 [0,17,17]
活性炭 [0,2,2]
基础油 [0,1,1]
温和 [0,1,1]
舒适 [0,6,6]
人气 [0,2,2]
外穿 [0,1,1]
乔丹 [0,3,3]
银 [0,6,6]
纸巾 [0,1,1]
茶叶 [0,1,1]
PC058 [0,1,1]
甜美 [0,1,1]
米白 [0,1,1]
深桶 [0,1,1]
支持 [0,4,4]
固定 [0,1,1]
儿开 [0,2,2]
显示 [0,1,1]
到底 [0,1,1]
童车 [0,1,1]
迅速 [0,1,1]
设计 [0,1,1]
洗手间 [0,1,1]
防水 [0,10,10]
天丝 [0,1,1]
牛奶 [0,1,1]
制服 [0,1,1]
芯 [0,1,1]
瓶罐 [0,1,1]
真皮 [0,10,10]
纯白 [0,1,1]
红酒 [0,1,1]
出入 [0,1,1]
哈衣 [0,2,2]
秘密 [0,3,3]
艺福堂 [0,3,3]
深 [0,8,8]
裁线 [0,1,1]
礼品 [0,2,2]
精品 [0,4,4]
子女 [0,1,1]
BKZ1203 [0,1,1]
0521 [0,1,1]
C01004 [0,1,1]
招财猫 [0,1,1]
跑鞋 [0,3,3]
361 [0,1,1]
warrior [0,2,2]
中大童 [0,1,1]
钢架 [0,3,3]
裤女 [0,3,3]
杯子 [0,2,2]
赠品 [0,1,1]
防走光 [0,1,1]
丽江 [0,2,2]
平底 [0,1,1]
有盖 [0,3,3]
大枣 [0,1,1]
鸭子 [0,1,1]
473ml [0,1,1]
2200 [0,1,1]
匹克 [0,2,2]
细致 [0,1,1]
粉色 [0,4,4]
内衣 [0,4,4]
. [0,28,28]
搭饰 [0,1,1]
巴旦 [0,1,1]
货到付款 [0,4,4]
CK [0,1,1]
便携 [0,1,1]
棉 [0,22,22]
免烫 [0,3,3]
一体 [0,1,1]
驾驶 [0,3,3]
160 [0,1,1]
杏色 [0,2,2]
7843 [0,1,1]
冬季 [0,3,3]
男鞋 [0,7,7]
世家 [0,4,4]
纯露 [0,2,2]
磁疗 [0,1,1]
LHY13419 [0,1,1]
彩兰 [0,1,1]
LENWEBOLO [0,1,1]
旗舰店 [0,3,3]
专柜 [0,1,1]
内裤 [0,3,3]
7201 [0,1,1]
80g [0,5,5]
V5 [0,1,1]
成型 [0,1,1]
斤两 [0,1,1]
高密度 [0,1,1]
裤多色 [0,1,1]
发热 [0,1,1]
家居 [0,2,2]
矿泉水 [0,1,1]
海湖 [0,1,1]
瓶 [0,4,4]
正宗 [0,1,1]
2841 [0,1,1]
J12SS8001 [0,1,1]
手机 [0,1,1]
儿童 [0,6,6]
PC044 [0,1,1]
夏降 [0,1,1]
诺基亚 [0,1,1]
紫色 [0,3,3]
蝴蝶 [0,4,4]
乳液 [0,3,3]
男士内衣 [0,1,1]
天鹅绒 [0,1,1]
浪莎 [0,3,3]
麻 [0,2,2]
七分裤 [0,2,2]
高跟鞋 [0,1,1]
男钱 [0,1,1]
咖啡色 [0,1,1]
礼盒 [0,2,2]
苍蝇 [0,1,1]
59 [0,1,1]
UCOMX [0,3,3]
郁金香 [0,1,1]
50 [0,17,17]
氨气 [0,1,1]
莫代尔 [0,2,2]
177g [0,1,1]
腰带 [0,3,3]
Health [0,1,1]
美丽 [0,1,1]
黄亮肤 [0,1,1]
睡衣 [0,1,1]
登机 [0,1,1]
特产 [0,6,6]
垫背 [0,1,1]
320ML [0,1,1]
日系 [0,1,1]
千顺 [0,1,1]
性感 [0,1,1]
/ [0,35,35]
不单 [0,1,1]
黑檀 [0,1,1]
液 [0,4,4]
纯银 [0,1,1]
GTM01 [0,1,1]
015tc [0,1,1]
防滑 [0,5,5]
女手 [0,1,1]
星星 [0,1,1]
头层 [0,1,1]
特价 [0,7,7]
坡 [0,2,2]
76A [0,1,1]
入 [0,2,2]
拉链 [0,1,1]
茶盘 [0,3,3]
裤子 [0,4,4]
衣物 [0,2,2]
22g [0,1,1]
鞋 [0,22,22]
化妆品 [0,2,2]
B11 [0,2,2]
京东 [0,1,1]
防漏 [0,1,1]
灰色 [0,4,4]
咖啡 [0,2,2]
加裆 [0,1,1]
带 [0,13,13]
韩版女 [0,1,1]
安全 [0,1,1]
啫喱 [0,1,1]
凉席 [0,2,2]
袋泡茶 [0,1,1]
电子狗 [0,1,1]
骑行 [0,2,2]
深灰 [0,3,3]
7A92023400 [0,1,1]
棕色 [0,2,2]
黑 [0,29,29]
Z [0,14,14]
暗条 [0,1,1]
3.7 [0,1,1]
TZ1214 [0,1,1]
150 [0,2,2]
SUS304 [0,2,2]
粒 [0,2,2]
唐宋八 [0,1,1]
关节炎 [0,2,2]
上市 [0,2,2]
度 [0,3,3]
200ml [0,1,1]
养生 [0,1,1]
180g [0,1,1]
男 [0,55,55]
langsha [0,3,3]
SHOP [0,1,1]
定型 [0,1,1]
单色 [0,1,1]
15g [0,1,1]
桌布 [0,1,1]
牛皮 [0,8,8]
毛绒 [0,1,1]
男童 [0,6,6]
茶具 [0,4,4]
伯希和 [0,3,3]
炭雕 [0,2,2]
【 [3,8,11]
准妈妈 [0,1,1]
不锈钢 [0,3,3]
螃蟹 [0,2,2]
面膜 [0,5,5]
可爱 [0,3,3]
碧螺春 [0,1,1]
Tech [0,1,1]
混色 [0,1,1]
极尚 [0,1,1]
牛津布 [0,4,4]
浅口 [0,2,2]
diy [0,1,1]
沐浴露 [0,1,1]
系带 [0,2,2]
办公室 [0,1,1]
雪尼尔 [0,2,2]
收纳 [0,6,6]
隔 [0,3,3]
T恤 [0,7,7]
视睿 [0,3,3]
° [0,1,1]
wa20410j [0,1,1]
YE418 [0,1,1]
七件 [0,1,1]
特惠 [0,1,1]
冰凝 [0,1,1]
悠然 [0,2,2]
双层 [0,2,2]
花朵 [0,1,1]
真空 [0,1,1]
20ml [0,2,2]
护膝 [0,2,2]
软底 [0,1,1]
清仓 [0,3,3]
85515801 [0,1,1]
收纳盒 [0,4,4]
长袖 [0,3,3]
叶子 [0,1,1]
盒装 [0,2,2]
仅 [0,1,1]
茄克 [0,1,1]
F [0,8,8]
雕 [0,2,2]
美白 [0,6,6]
小样 [0,1,1]
长裤 [0,5,5]
AK1 [0,1,1]
原味 [0,1,1]
腰 [0,4,4]
色 [0,80,80]
马甲 [0,1,1]
LTY01 [0,1,1]
huobii [0,1,1]
式 [0,11,11]
】 [5,6,11]
超纤炫彩 [0,1,1]
可充电 [0,3,3]
警用 [0,2,2]
邦 [0,2,2]
打底 [0,1,1]
1 [0,114,114]
男子 [0,1,1]
140 [0,2,2]
多功能 [0,2,2]
美国 [0,1,1]
包脚 [0,1,1]
运动 [0,11,11]
神奇 [0,1,1]
消毒药水 [0,1,1]
门 [0,3,3]
软 [0,2,2]
sm [0,1,1]
亚麻 [0,1,1]
防臭 [0,1,1]
超 [0,5,5]
可选 [0,1,1]
宝宝 [0,8,8]
积分 [0,1,1]
暖手 [0,1,1]
男士 [0,21,21]
7228 [0,1,1]
THE [0,1,1]
流动 [0,1,1]
高品质 [0,1,1]
女装 [0,2,2]
型 [0,6,6]
淑女 [0,1,1]
三角 [0,3,3]
笑巴喜 [0,3,3]
乘 [0,1,1]
强光 [0,3,3]
器 [0,3,3]
挂件 [0,2,2]
冲锋衣 [0,3,3]
鸟巢 [0,1,1]
x16 [0,1,1]
檀 [0,3,3]
红色 [0,6,6]
太空 [0,1,1]
有 [0,7,7]
100A [0,2,2]
美 [0,17,17]
PEAK [0,2,2]
地垫门 [0,2,2]
3303 [0,1,1]
1717 [0,1,1]
1716 [0,1,1]
正品 [2,2,4]
121630 [0,1,1]
充电 [0,4,4]
颜霜 [0,1,1]
1139 [0,1,1]
浅 [0,8,8]
厨房 [0,3,3]
G [0,22,22]
儿童节 [0,1,1]
清洁 [0,1,1]
仿旧 [0,1,1]
2005A [0,1,1]
3018 [0,1,1]
通用 [0,3,3]
蕾丝 [0,1,1]
高档 [0,1,1]
油脂 [0,1,1]
3016 [0,3,3]
苏轼 [0,1,1]
1000 [0,1,1]
二室 [0,1,1]
季均码 [0,1,1]
夏季 [0,10,10]
银灰 [0,1,1]
妈妈 [0,3,3]
陶瓷 [0,1,1]
置物架 [0,1,1]
显瘦 [0,2,2]
羽绒 [0,2,2]
紫檀木 [0,2,2]
芦荟 [0,1,1]
宝贝 [0,14,14]
2 [0,86,86]
去 [0,6,6]
PC080 [0,1,1]
电池 [0,2,2]
迷你 [0,5,5]
除菌 [0,1,1]
003hl [0,2,2]
老年人 [0,1,1]
10 [0,24,24]
13 [0,38,38]
12 [0,21,21]
15 [0,15,15]
箱百纳箱 [0,1,1]
运动裤 [0,1,1]
夏威夷 [0,1,1]
三件套 [0,1,1]
茶宠 [0,1,1]
SH0076 [0,2,2]
CRD [0,1,1]
SH0075 [0,3,3]
卡其色 [0,1,1]
男女 [0,5,5]
保温杯 [0,1,1]
思 [0,2,2]
摆件 [0,2,2]
Arboreal [0,1,1]
Dr [0,1,1]
肌纯露 [0,1,1]
郊游 [0,1,1]
男夏 [0,1,1]
西湖 [0,1,1]
浅灰 [0,1,1]
长 [0,14,14]
92A [0,1,1]
电子秤 [0,1,1]
散装 [0,2,2]
脚胖 [0,1,1]
妮 [0,3,3]
手拿包 [0,2,2]
WZ [0,2,2]
电子称 [0,1,1]
高亮 [0,1,1]
韩束 [0,4,4]
深褐色 [0,1,1]
秋裤 [0,1,1]
华为 [0,1,1]
模具 [0,1,1]
2ml [0,1,1]
专业 [0,2,2]
秋装 [0,3,3]
棘焕白 [0,1,1]
气体 [0,1,1]
开关 [0,1,1]
勿 [0,1,1]
女裤 [0,1,1]
帆布 [0,5,5]
舒缓 [0,6,6]
添香 [0,1,1]
3 [0,88,88]
笑脸 [0,1,1]
夹 [0,5,5]
差价 [0,2,2]
服装 [0,1,1]
超薄 [0,1,1]
印花 [0,5,5]
只 [0,5,5]
AZA2013 [0,1,1]
紧致洁 [0,1,1]
土特产 [0,2,2]
蓝牙 [0,3,3]
， [0,3,3]
康扉 [0,2,2]
66 [0,4,4]
橡胶 [0,1,1]
155 [0,3,3]
145g [0,1,1]
三只 [0,4,4]
九迪 [0,1,1]
货号 [0,1,1]
湿巾 [0,1,1]
超细 [0,1,1]
单鞋 [0,5,5]
50D [0,1,1]
档 [0,4,4]
钱袋 [0,1,1]
西裤 [0,1,1]
^ [178,22,200]
童 [0,13,13]
全 [0,9,9]
康贝 [0,1,1]
毛孔 [0,1,1]
补邮 [0,2,2]
喷雾 [0,2,2]
创意 [0,2,2]
果 [0,3,3]
红 [0,19,19]
中 [0,8,8]
喜结良缘 [0,1,1]
汗巾 [0,1,1]
秘爱 [0,1,1]
XXL [0,8,8]
XVP [0,2,2]
风 [0,8,8]
糖盒 [0,1,1]
盒 [0,11,11]
压印 [0,1,1]
宝山 [0,1,1]
男式 [0,6,6]
38cm [0,1,1]
ESEY [0,4,4]
伦威 [0,3,3]
易 [0,2,2]
白 [0,21,21]
一 [0,12,12]
Puma [0,3,3]
竹炭 [0,1,1]
蜜桃 [0,1,1]
气质 [0,1,1]
铅笔 [0,1,1]
玩 [0,4,4]
炫彩 [0,3,3]
蝴蝶结 [0,3,3]
保健 [0,2,2]
玫瑰 [0,6,6]
4 [0,53,53]
餐椅 [0,3,3]
旅行家 [0,1,1]
黑色 [0,18,18]
冰块 [0,1,1]
防晒 [0,5,5]
护肤 [0,1,1]
汽车 [0,1,1]
套餐 [0,1,1]
BTZ1218 [0,1,1]
银锁 [0,1,1]
65 [0,4,4]
雁皇 [0,1,1]
凉鞋 [0,1,1]
夹棉 [0,1,1]
七匹狼 [0,4,4]
西米亚 [0,1,1]
洞洞 [0,1,1]
摩托车 [0,2,2]
三星 [0,2,2]
特曼 [0,4,4]
汗 [0,1,1]
补水 [0,6,6]
面板 [0,1,1]
HTC [0,1,1]
清新 [0,1,1]
185g [0,1,1]
白水 [0,1,1]
薇 [0,2,2]
约翰逊 [0,1,1]
102C [0,1,1]
连包 [0,1,1]
688C [0,1,1]
膝关节 [0,1,1]
紧致 [0,2,2]
装 [0,43,43]
开片 [0,1,1]
深蓝 [0,1,1]
坐 [0,4,4]
320ml [0,1,1]
湖 [0,3,3]
蓝 [0,27,27]
破壁 [0,1,1]
裤女款 [0,1,1]
LEC [0,3,3]
LED [0,3,3]
篮球鞋 [0,1,1]
米色 [0,1,1]
文玩 [0,1,1]
马克杯 [0,1,1]
拖把 [0,1,1]
护腿 [0,1,1]
洗 [0,9,9]
斜 [0,3,3]
女款 [0,4,4]
XXXXL [0,1,1]
5 [0,67,67]
英伦 [0,1,1]
001jt [0,1,1]
滑雪服 [0,1,1]
60g [0,1,1]
优雅 [0,2,2]
60W [0,1,1]
正装裤 [0,1,1]
Mexican [0,3,3]
秤 [0,1,1]
玩具 [0,2,2]
鲜活 [0,1,1]
虱 [0,1,1]
充电电池 [0,1,1]
雪菊 [0,1,1]
寸 [0,1,1]
xp11205 [0,1,1]
洗面奶 [0,1,1]
颜净爽 [0,1,1]
粗布 [0,1,1]
靓丽 [0,1,1]
银斯妮 [0,1,1]
GATSBY [0,1,1]
深灰色 [0,1,1]
宝 [0,22,22]
娜 [0,10,10]
  [6,181,187]
系列 [0,5,5]
保湿 [0,10,10]
中年 [0,2,2]
件套 [0,6,6]
纯色 [0,2,2]
派 [0,1,1]
BODY [0,1,1]
泡 [0,2,2]
双耳 [0,2,2]
狗 [0,2,2]
表面 [0,1,1]
礼盒装 [0,1,1]
年 [0,3,3]
50g [0,3,3]
防毒面具 [0,1,1]
美体 [0,1,1]
手口 [0,1,1]
伸缩 [0,1,1]
的 [0,3,3]
风衣 [0,1,1]
500g [0,1,1]
卡片 [0,1,1]
慢跑鞋 [0,2,2]
18 [0,14,14]
白玉 [0,3,3]
五一 [0,3,3]
Gift [0,1,1]
新生儿 [0,1,1]
风格 [0,1,1]
火 [0,1,1]
片装 [0,1,1]
米 [0,8,8]
印度 [0,1,1]
吊坠 [0,1,1]
浓情 [0,1,1]
粉 [0,9,9]
高原 [0,1,1]
〖 [0,3,3]
御泥坊 [0,4,4]
春夏 [0,2,2]
个 [0,2,2]
进口 [1,1,2]
无袖 [0,1,1]
苹果 [0,2,2]
便 [0,3,3]
抗敏 [0,3,3]
旗袍 [0,1,1]
拍 [0,1,1]
810 [0,2,2]
优易 [0,2,2]
布娃娃 [0,1,1]
家装 [0,1,1]
澳洲 [0,1,1]
孔雀蓝 [0,1,1]
走索 [0,1,1]
官方 [0,3,3]
比翼双飞 [0,1,1]
SL [0,1,1]
evian [0,1,1]
送 [0,6,6]
领 [0,11,11]
1288w [0,1,1]
筒裤 [0,1,1]
海吉玛 [0,5,5]
送红绳 [0,1,1]
抢 [0,1,1]
80cm [0,1,1]
兔子 [0,1,1]
咖精片 [0,1,1]
菱形 [0,1,1]
格调 [0,1,1]
分体 [0,1,1]
所有 [0,1,1]
130cm [0,3,3]
花色 [0,1,1]
痘 [0,1,1]
肩扣 [0,1,1]
个性 [0,1,1]
日记 [0,1,1]
8245 [0,1,1]
中大促 [0,1,1]
春秋 [0,1,1]
跨 [0,1,1]
仪 [0,1,1]
仿黑 [0,1,1]
称 [0,1,1]
SPF50 [0,3,3]
一对 [0,1,1]
紫 [0,8,8]
上衣 [0,2,2]
一码 [0,1,1]
熨烫 [0,1,1]
折洗 [0,1,1]
双色 [0,1,1]
24 [0,4,4]
25 [0,2,2]
利多 [0,3,3]
20 [0,49,49]
彻底 [0,1,1]
28 [0,5,5]
29 [0,1,1]
箱 [0,6,6]
· [0,1,1]
茶 [0,10,10]
资生堂 [0,1,1]
爵 [0,4,4]
测速 [0,1,1]
格 [0,3,3]
椭圆 [0,1,1]
平角 [0,1,1]
L [0,48,48]
洁面乳 [0,6,6]
卖 [0,2,2]
整理盒 [0,1,1]
水槽 [0,2,2]
衣服 [0,1,1]
昂臣 [0,2,2]
手电筒 [0,2,2]
孕妇装 [0,2,2]
铁观音 [0,1,1]
TAFUCO [0,1,1]
开关插座 [0,1,1]
） [0,21,21]
300ml [0,1,1]
制冰 [0,1,1]
黑红 [0,1,1]
〗 [3,0,3]
螺旋藻 [0,1,1]
吸水 [0,1,1]
墨镜 [0,2,2]
7 [0,44,44]
杰士 [0,1,1]
预防 [0,1,1]
轩庆程 [0,1,1]
男性 [0,1,1]
优惠券 [0,1,1]
红枣 [0,1,1]
EC [0,5,5]
进退 [0,1,1]
大灯 [0,1,1]
率高达 [0,1,1]
连裤袜 [0,1,1]
黑黄 [0,1,1]
捕蝇 [0,1,1]
威露士 [0,1,1]
粘贴 [0,1,1]
（ [2,19,21]
轻便 [0,1,1]
女鞋 [0,4,4]
Combi [0,1,1]
40ml [0,1,1]
开业 [0,1,1]
疯 [0,1,1]
灰白 [0,1,1]
mami [0,2,2]
180 [0,4,4]
185 [0,2,2]
欧美 [0,3,3]
GTA [0,2,2]
XL [0,12,12]
连体 [0,4,4]
GTM [0,1,1]
春季 [0,1,1]
整理 [0,5,5]
透明 [0,2,2]
莱德 [0,1,1]
3120301 [0,1,1]
金属 [0,2,2]
橘色 [0,1,1]
30ML [0,1,1]
骆 [0,4,4]
灭蚊灯 [0,1,1]
茶几 [0,1,1]
卡其 [0,2,2]
情趣内衣 [0,1,1]
猫 [0,4,4]
升级 [0,2,2]
杯水 [0,1,1]
LADYPOPE [0,1,1]
18650 [0,3,3]
LTY1322 [0,1,1]
M [0,25,25]
73 [0,10,10]
灭 [0,2,2]
消毒液 [0,1,1]
串珠 [0,1,1]
1687 [0,1,1]
平衡 [0,2,2]
三点式 [0,1,1]
运动鞋 [0,7,7]
浅蓝色 [0,1,1]
梦幻 [0,1,1]
防尘 [0,1,1]
170cm [0,1,1]
韩彩 [0,1,1]
JM [0,1,1]
手电 [0,3,3]
纤维 [0,6,6]
灰配 [0,1,1]
富居 [0,5,5]
马桶 [0,1,1]
门厅 [0,3,3]
昆仑 [0,1,1]
圣路 [0,1,1]
婴儿 [0,17,17]
橄榄 [0,2,2]
调理 [0,1,1]
高雅 [0,1,1]
琉璃 [0,1,1]
蚊蝇 [0,1,1]
加宽 [0,1,1]
蚕丝 [0,2,2]
送护 [0,1,1]
K9T6 [0,1,1]
蛤蟆 [0,1,1]
311K057 [0,1,1]
66L [0,2,2]
时尚 [0,7,7]
油彩 [0,1,1]
包 [0,17,17]
颈 [0,1,1]
爬服 [0,2,2]
服 [0,8,8]
厚 [0,7,7]
2.5 [0,2,2]
# [0,2,2]
一座 [0,1,1]
润 [0,5,5]
含 [0,2,2]
JG1 [0,1,1]
步步高 [0,1,1]
大白 [0,1,1]
防晒霜 [0,1,1]
耐磨 [0,3,3]
0352 [0,1,1]
0353 [0,1,1]
幸福 [0,1,1]
户外 [0,13,13]
太阳镜 [0,3,3]
浴室 [0,2,2]
枕套 [0,1,1]
皮鞋 [0,1,1]
泰福高 [0,1,1]
阿狸 [0,2,2]
秋冬 [0,9,9]
96A [0,3,3]
100ml [0,3,3]
30ml [0,3,3]
三合一 [0,2,2]
储物箱 [0,3,3]
糖袋 [0,1,1]
热水袋 [0,1,1]
｜ [0,1,1]
SY1303 [0,2,2]
开档 [0,2,2]
开衫 [0,1,1]
优康仕 [0,3,3]
风超 [0,1,1]
可 [0,10,10]
回力 [0,3,3]
灭蚊器 [0,1,1]
小铺 [0,1,1]
生活 [0,1,1]
百纳箱 [0,4,4]
科技 [0,1,1]
70523 [0,1,1]
FLYGAGa [0,1,1]
9 [0,25,25]
橙色 [0,2,2]
元 [0,2,2]
枣庆堂 [0,1,1]
彪马 [0,3,3]
松鼠 [0,4,4]
飞 [0,3,3]
客厅 [0,1,1]
15.5 [0,2,2]
女 [0,32,32]
婵 [0,1,1]
电动 [0,3,3]
5g [0,6,6]
清凉 [0,2,2]
- [0,18,18]
七色板 [0,1,1]
salve [0,1,1]
挎 [0,2,2]
10ml [0,1,1]
E12207G [0,1,1]
祛味 [0,1,1]
条装 [0,1,1]
中老年 [0,2,2]
款 [0,39,39]
灭蝇 [0,1,1]
女夏小 [0,1,1]
乐 [0,3,3]
桔 [0,1,1]
坐垫 [0,2,2]
OL [0,5,5]
inomata [0,2,2]
连体衣 [0,3,3]
彩色 [0,1,1]
有效 [0,1,1]
风湿 [0,1,1]
雷达 [0,1,1]
肤色 [0,1,1]
30g [0,1,1]
TZ1318 [0,1,1]
肤 [0,6,6]
羊毛 [0,1,1]
正装 [0,5,5]
鞋子 [0,1,1]
架 [0,4,4]
多色 [0,4,4]
充 [0,4,4]
羊绒 [0,1,1]
钱包 [0,4,4]
条 [0,5,5]
扣 [0,5,5]
修身 [0,6,6]
灯 [0,2,2]
空调 [0,1,1]
412199052 [0,1,1]
用 [0,11,11]
舒敏 [0,1,1]
拼图 [0,1,1]
拖 [0,2,2]
联想 [0,1,1]
膏 [0,2,2]
陶瓷杯 [0,1,1]
Ledea [0,1,1]
+++ [0,1,1]
ES0409 [0,1,1]
盖帝 [0,3,3]
夹克 [0,1,1]
垫 [0,6,6]
图案 [0,3,3]
组合 [0,3,3]
茶杯 [0,1,1]
滑 [0,8,8]
专用 [0,3,3]
8111L [0,1,1]
新手 [0,1,1]
偏光 [0,3,3]
全效 [0,1,1]
0303 [0,1,1]
阁 [0,1,1]
祛痘 [0,1,1]
中秋 [0,1,1]
两件 [0,5,5]
骑士 [0,1,1]
推车 [0,1,1]
女包 [0,2,2]
% [0,5,5]
200g [0,2,2]
护套 [0,1,1]
姚生记 [0,1,1]
BBKZ01 [0,1,1]
泼水 [0,1,1]
精华 [0,1,1]
AI [0,1,1]
抗菌 [0,2,2]
女单 [0,2,2]
休闲裤 [0,7,7]
松紧 [0,1,1]
茶树油 [0,1,1]
e [0,16,16]
超纤 [0,2,2]
2002 [0,1,1]
单片 [0,2,2]
哥窑 [0,1,1]
护目 [0,2,2]
4XL [0,1,1]
德力西 [0,2,2]
袋 [0,5,5]
010 [0,4,4]
防辐射 [0,2,2]
两件套 [0,3,3]
ENCHEN [0,1,1]
云南 [0,6,6]
RX308LED [0,1,1]
茶树 [0,1,1]
床单 [0,1,1]
薰衣草 [0,1,1]
跑步 [0,4,4]
毒盒 [0,1,1]
皇家 [0,1,1]
包邮 [0,1,1]
一物 [0,1,1]
灰 [0,13,13]
40010 [0,1,1]
星期 [0,2,2]
澳娜莉亚 [0,9,9]
412114006 [0,1,1]
3D [0,1,1]
五星 [0,1,1]
夏装 [0,5,5]
薄款 [0,3,3]
免洗 [0,1,1]
保暖 [0,9,9]
黄 [0,8,8]
片 [0,11,11]
CY405Y [0,2,2]
25kg [0,1,1]
39 [0,7,7]
38 [0,3,3]
滤 [0,1,1]
32 [0,3,3]
30 [0,30,30]
37 [0,3,3]
36 [0,3,3]
35 [0,6,6]
龙井茶 [0,1,1]
安溪 [0,1,1]
直 [0,2,2]
紫外线 [0,1,1]
大家 [0,1,1]
60cm [0,2,2]
骨瓷 [0,1,1]
银色 [0,1,1]
松口 [0,2,2]
七彩 [0,1,1]
盆双槽 [0,1,1]
韩版 [0,6,6]
SPF50UV [0,1,1]
油 [0,7,7]
抽 [0,3,3]
除甲醛 [0,1,1]
面部 [0,1,1]
baby [0,12,12]
海狸 [0,2,2]
春夏秋冬 [0,1,1]
小码 [0,1,1]
透气 [0,8,8]
码 [0,26,26]
0.6 [0,1,1]
自动 [0,5,5]
浴盆 [0,2,2]
漫宇 [0,1,1]
双槽 [0,2,2]
女反季 [0,1,1]
真 [0,13,13]
30cm [0,4,4]
6104 [0,1,1]
呵护 [0,1,1]
吊带 [0,1,1]
早泄 [0,1,1]
零食 [0,4,4]
睡眠 [0,1,1]
皮筋 [0,1,1]
黑灰片 [0,1,1]
七分 [0,4,4]
Q [0,2,2]
柔 [0,1,1]
男款 [0,6,6]
白嫩 [0,1,1]
A06 [0,2,2]
针扣 [0,1,1]
粉红 [0,3,3]
驼色 [0,1,1]
装饰画 [0,1,1]
小孩 [0,1,1]
复古 [0,1,1]
脚盆 [0,1,1]
洗碗 [0,1,1]
短袖 [0,13,13]
偏小 [0,1,1]
男装 [0,3,3]
衬衣 [0,2,2]
抓绒 [0,1,1]
衬衫 [0,5,5]
2013 [0,26,26]
2012 [0,2,2]
尾长 [0,1,1]
浅军兰 [0,1,1]
宠物狗 [0,1,1]
短裤 [0,1,1]
优质 [0,1,1]
120cm [0,1,1]
ornalia [0,9,9]
硅胶 [0,1,1]
新潮 [0,1,1]
| [0,2,2]
母亲节 [0,1,1]
轩庆 [0,6,6]
鞋面 [0,1,1]
布 [0,12,12]
热销 [0,3,3]
纯棉 [0,15,15]
小迷糊 [0,3,3]
丝袜 [0,1,1]
拖鞋 [0,1,1]
88 [0,6,6]
黑皮 [0,1,1]
抽屉式 [0,2,2]
SEPTWOLVES [0,2,2]
LTY1202 [0,1,1]
黑框 [0,1,1]
花生 [0,2,2]
海关 [0,1,1]
伴手 [0,2,2]
链接 [0,1,1]
g [0,30,30]
护理 [0,1,1]
核桃 [0,1,1]
修护 [0,2,2]
全棉 [0,4,4]
百搭 [0,5,5]
锁 [0,2,2]
香型 [0,2,2]
限时 [0,1,1]
圈 [0,1,1]
葡萄籽 [0,1,1]
天然 [0,3,3]
帕森 [0,2,2]
玛 [0,7,7]
U12 [0,1,1]
U15 [0,2,2]
花瓶 [0,1,1]
木 [0,6,6]
坐高 [0,1,1]
11158 [0,1,1]
轩庆玛 [0,1,1]
成楷 [0,1,1]
直筒 [0,2,2]
音乐 [0,1,1]
夏款 [0,2,2]
配件 [0,1,1]
351495 [0,1,1]
45g [0,2,2]
脚垫 [0,3,3]
带背光 [0,1,1]
印 [0,8,8]
助勃 [0,1,1]
潮流 [0,1,1]
寒腿 [0,1,1]
1.8 [0,1,1]
于 [0,1,1]
我 [0,1,1]
四层 [0,1,1]
杏仁 [0,2,2]
和田 [0,1,1]
简约 [0,3,3]
万向轮 [0,1,1]
螨 [0,1,1]
专科 [0,1,1]
SELECTED [0,2,2]
按摩 [0,4,4]
皮夹 [0,1,1]
工艺品 [0,2,2]
提 [0,5,5]
套 [0,22,22]
经典 [0,2,2]
JD380 [0,1,1]
格冰盒 [0,1,1]
结婚 [0,2,2]
抹布 [0,1,1]
风范 [0,1,1]
装饰品 [0,1,1]
精油 [0,1,1]
休闲 [0,27,27]
拉丝 [0,1,1]
护肚裤 [0,1,1]
绿茶 [0,1,1]
婚庆 [0,3,3]
电筒 [0,3,3]
坚果 [0,1,1]
大红 [0,2,2]
kangfei [0,1,1]
神油 [0,1,1]
带盖 [0,1,1]
( [1,19,20]
文胸 [0,1,1]
板鞋 [0,4,4]
领带 [0,2,2]
990 [0,2,2]
JZ986 [0,1,1]
tbs [0,1,1]
半 [0,2,2]
良品 [0,1,1]
插座 [0,1,1]
SONY [0,1,1]
粉红色 [0,1,1]
女士 [0,7,7]
130 [0,6,6]
加厚 [0,5,5]
帆布鞋 [0,4,4]
真丝 [0,1,1]
Walch [0,1,1]
成人 [0,1,1]
CT136006 [0,1,1]
PARZIN [0,2,2]
长绒 [0,1,1]
远射 [0,3,3]
延时 [0,1,1]
逸阳 [0,5,5]
背心 [0,1,1]
芬妮 [0,1,1]
皮带 [0,4,4]
石榴 [0,1,1]
棉被 [0,1,1]
PA [0,3,3]
NINE [0,1,1]
Rosebud [0,1,1]
S [0,34,34]
热卖 [0,1,1]
飘 [0,1,1]
衣 [0,21,21]
水杯 [0,2,2]
一图 [0,1,1]
藏青 [0,1,1]
玩具车 [0,1,1]
套装 [0,13,13]
和伟哥 [0,1,1]
小米 [0,2,2]
霜 [0,6,6]
蓝色 [0,15,15]
松花粉 [0,1,1]
暗紫 [0,1,1]
达思龙 [0,1,1]
钱 [0,6,6]
防 [0,22,22]
日本 [0,4,4]
8109 [0,1,1]
绿色 [0,3,3]
旅行装 [0,2,2]
徒步 [0,5,5]
晒 [0,6,6]
沙滩 [0,1,1]
润丝 [0,1,1]
LJ001 [0,1,1]
camssoo [0,1,1]
生日 [0,1,1]
袜子 [0,2,2]
不 [0,5,5]
车用 [0,1,1]
充电式 [0,1,1]
750g [0,1,1]
) [0,20,20]
歌歌 [0,13,13]
PELLIOT [0,3,3]
户外运动 [0,1,1]
长命百岁 [0,1,1]
大麦茶 [0,1,1]
浣熊 [0,1,1]
擦 [0,1,1]
印去 [0,1,1]
亮面 [0,1,1]
20g [0,1,1]
BB [0,3,3]
$ [0,200,200]
BM2300224 [0,1,1]
芳草 [0,1,1]
粗 [0,2,2]
卷边 [0,1,1]
平方 [0,1,1]
新款 [0,22,22]
地垫 [0,3,3]
军绿色 [0,2,2]
版 [0,7,7]
酸性 [0,1,1]
T [0,33,33]
锌合金 [0,1,1]
四 [0,2,2]
桃花 [0,2,2]
眼部 [0,1,1]
喷漆 [0,1,1]
洋甘菊 [0,7,7]
强效 [0,1,1]
魔力 [0,1,1]
暖水袋 [0,1,1]
单肩 [0,3,3]
野莓 [0,1,1]
女童 [0,1,1]
风景 [0,1,1]
Suo [0,1,1]
舒活 [0,1,1]
圆头 [0,1,1]
集 [0,1,1]
情侣 [0,1,1]
粘腻 [0,1,1]
羊皮 [0,1,1]
面霜 [0,2,2]
大米 [0,1,1]
登山鞋 [0,4,4]
油画 [0,1,1]
卧室 [0,1,1]
铜 [0,1,1]
裤 [0,22,22]
自 [0,6,6]
绒 [0,9,9]
篮 [0,2,2]
缝叶鸟 [0,2,2]
隔离 [0,1,1]
长款 [0,3,3]
木糖醇 [0,1,1]
加热 [0,1,1]
圆领 [0,4,4]
竹纤维 [0,4,4]
快速 [0,1,1]
立领 [0,1,1]
单窗 [0,3,3]
* [0,10,10]
Z007 [0,1,1]
LENWE [0,3,3]
中兴 [0,1,1]
手帕 [0,1,1]
705 [0,2,2]
保冷 [0,1,1]
浅蓝 [0,2,2]
小 [0,14,14]
铝 [0,1,1]
镜 [0,3,3]
LMYDF [0,1,1]
博士 [0,1,1]
满月 [0,1,1]
贵族 [0,1,1]
预警 [0,1,1]
诱惑 [0,1,1]
1166 [0,1,1]
润泽 [0,1,1]
喜 [0,11,11]
加菲猫 [0,3,3]
50cm [0,1,1]
48 [0,1,1]
44 [0,3,3]
45 [0,8,8]
42 [0,2,2]
43 [0,5,5]
40 [0,15,15]
莱卡 [0,1,1]
JOUDISK [0,1,1]
龙头 [0,1,1]
秋季 [0,2,2]
盆 [0,4,4]
女子 [0,1,1]
4g [0,1,1]
耳机 [0,3,3]
波 [0,1,1]
补 [0,8,8]
速干 [0,1,1]
件 [0,15,15]
狮子头 [0,1,1]
化妆水 [0,1,1]
电线电缆 [0,1,1]
腿 [0,2,2]
